0 82
0 83
1 84
2 85
2 86
3 87
3 88
4 89
4 90
5 3
6 91
6 92
7 13
7 286
8 683
8 685
9 65
9 541
10 93
10 94
11 12
11 443
12 95
12 435
13 96
14 13
14 283
15 97
15 424
18 76
18 602
19 98
19 418
20 99
20 100
21 41
21 888
22 21
22 889
23 101
23 414
24 102
24 103
25 104
25 105
26 106
26 107
27 108
27 109
28 110
28 111
29 112
29 390
30 113
30 385
31 114
31 353
32 115
32 116
33 34
33 886
34 117
34 118
35 119
36 101
36 400
37 36
37 884
38 36
38 882
39 37
39 885
40 38
40 883
41 29
41 394
42 29
42 393
43 41
43 887
44 42
44 866
45 26
45 282
46 45
46 871
47 46
47 872
48 45
48 870
49 50
49 880
50 28
50 281
51 49
51 881
52 50
52 879
53 120
53 121
54 122
54 352
55 123
55 124
56 125
56 126
57 127
57 128
58 59
58 351
59 129
59 342
60 130
60 335
61 57
61 341
62 59
62 350
63 131
63 332
64 59
64 347
65 97
65 423
66 132
66 133
67 134
68 135
68 136
69 137
69 138
70 139
71 140
72 141
72 142
73 113
73 384
74 113
74 381
75 143
75 329
76 144
76 326
77 145
77 146
78 0
78 278
80 147
82 278
83 686
83 82
84 78
84 11
84 79
85 277
86 85
86 148
88 87
88 149
89 150
89 151
91 585
92 585
93 113
93 380
94 113
94 375
95 152
96 153
96 154
97 155
98 156
99 157
99 1083
100 157
100 1083
101 158
103 159
105 160
106 282
107 161
110 162
110 163
111 162
111 163
112 164
113 165
114 166
115 101
115 399
116 167
117 101
117 398
118 168
119 169
119 170
120 171
120 172
121 171
121 173
122 174
123 175
123 176
124 175
124 176
125 177
125 178
126 177
126 178
127 179
127 180
128 181
128 182
129 183
130 184
131 185
132 186
132 187
133 186
133 187
134 188
134 189
135 190
136 191
136 135
137 192
137 325
138 192
138 324
139 193
139 194
140 195
140 196
141 71
141 535
142 71
142 535
143 197
144 198
145 290
146 145
146 146
147 199
148 201
149 201
150 2
150 277
151 200
151 150
152 435
153 153
153 154
154 202
155 810
155 424
155 809
155 423
156 444
156 418
157 203
157 317
158 485
158 532
158 853
158 610
158 664
158 614
158 673
158 892
158 874
158 583
158 582
158 668
158 399
158 676
158 398
158 414
158 628
158 395
158 649
158 896
158 850
158 857
158 400
158 624
158 487
161 282
162 206
163 162
163 207
164 413
164 390
164 804
164 389
165 385
165 496
165 627
165 895
165 372
165 816
165 384
165 356
165 375
165 900
165 826
165 623
165 813
165 494
165 500
165 492
165 607
165 498
165 514
165 600
165 830
165 820
165 381
165 818
165 506
165 828
165 361
165 822
165 663
165 520
165 380
165 358
165 510
165 512
165 667
165 672
165 891
165 824
165 508
166 353
167 101
167 399
168 101
168 398
169 208
169 316
170 209
170 210
171 211
171 212
172 65
172 540
173 64
173 533
174 464
174 368
174 471
174 352
174 474
175 59
175 346
176 74
177 60
177 340
178 74
179 180
180 60
180 339
181 60
181 339
182 74
183 342
184 335
185 332
186 832
186 833
186 276
186 834
187 213
188 836
188 839
188 840
188 842
188 835
188 837
188 841
188 838
189 66
189 276
190 214
191 215
191 216
192 217
193 69
193 529
194 193
194 194
195 218
195 219
196 69
196 526
197 329
198 326
200 201
202 220
202 221
203 222
204 587
205 223
206 224
207 281
208 225
209 226
209 227
210 208
210 315
211 228
211 229
212 211
212 230
213 832
213 833
213 276
213 834
215 231
216 232
217 831
217 324
217 819
217 829
217 325
217 521
217 825
217 357
217 827
217 376
217 814
217 823
217 821
217 817
218 233
219 196
219 234
220 283
220 505
220 286
221 235
221 236
222 589
222 317
223 237
225 253
225 314
225 847
225 555
225 556
225 315
225 650
225 313
225 316
225 651
227 208
227 314
228 238
228 239
229 240
229 241
230 242
231 232
232 243
232 296
233 196
233 234
234 195
234 196
235 244
236 244
236 245
238 246
238 247
239 248
239 238
240 249
240 250
241 251
241 294
242 228
242 229
243 252
244 220
244 221
245 220
245 221
246 253
247 208
247 253
248 254
248 255
249 256
249 257
250 258
250 259
251 260
252 766
252 296
253 208
253 313
254 261
254 262
255 263
255 292
256 264
256 265
257 266
257 256
258 259
258 267
259 268
259 228
260 294
261 68
261 308
262 269
262 291
263 270
264 68
264 304
265 259
266 271
267 272
267 287
268 273
269 274
270 292
270 571
271 264
271 265
272 275
273 228
274 259
274 291
275 287
275 563
276 188
276 189
278 279
278 280
280 686
280 1016
281 36
281 876
282 36
282 867
283 284
283 285
284 15
284 433
285 15
285 429
286 113
286 372
287 288
287 289
288 77
288 290
289 290
290 65
290 539
291 65
291 538
292 293
293 261
293 262
294 295
295 249
295 250
296 297
296 298
297 299
297 300
298 243
298 296
299 301
300 101
300 395
301 302
301 303
302 308
302 304
302 559
303 223
304 305
304 306
305 307
305 306
306 259
307 259
308 309
308 310
309 311
309 310
310 312
311 312
312 269
312 291
313 113
313 361
315 226
315 227
316 169
316 170
317 318
317 1083
318 319
318 320
319 686
319 321
320 321
320 322
321 71
321 534
322 323
323 204
323 205
324 325
325 113
325 356
326 327
326 523
327 328
328 523
329 330
329 331
330 74
331 432
331 434
332 333
332 334
333 74
335 336
335 337
336 337
336 338
337 340
337 410
337 339
338 74
339 570
339 341
342 343
342 344
343 344
343 345
344 350
344 346
344 347
344 351
345 74
347 348
347 522
348 349
349 522
350 112
350 389
351 855
351 849
352 53
352 364
353 354
353 355
354 687
354 688
354 689
354 690
354 691
354 692
354 693
355 206
356 192
356 357
357 113
357 358
358 359
358 517
359 360
360 501
360 507
360 509
360 511
360 517
360 516
360 515
360 513
361 362
361 363
362 370
362 364
363 223
364 365
364 366
365 366
365 367
366 646
367 122
367 368
368 366
368 369
369 53
369 370
370 371
370 366
371 646
372 373
372 497
373 374
374 503
374 495
374 493
374 491
374 499
374 497
375 192
375 376
376 377
377 378
378 379
380 373
380 495
381 382
381 490
382 383
383 611
383 601
383 630
383 669
383 619
383 552
383 897
383 893
383 901
383 674
383 875
383 490
383 647
384 373
384 491
385 386
385 387
386 388
386 387
387 811
387 812
388 811
388 812
390 391
390 392
391 394
391 393
392 223
393 36
393 863
394 36
394 860
395 396
395 458
396 397
397 458
398 31
398 854
399 31
399 852
400 401
400 402
401 206
402 403
402 404
403 31
403 844
404 405
404 406
405 407
405 408
406 74
407 60
407 410
408 409
409 60
409 410
410 411
410 412
411 112
411 413
412 112
412 413
413 31
413 844
414 415
414 416
415 64
415 531
416 417
417 64
417 531
418 419
418 420
419 502
420 421
420 454
421 422
422 457
422 454
423 64
423 530
424 425
425 426
425 427
426 433
426 429
427 428
427 426
428 426
428 427
429 430
429 431
430 75
430 432
431 75
431 432
433 75
433 434
434 432
435 436
435 437
436 438
436 439
437 440
438 443
439 441
439 450
440 438
440 439
441 442
442 450
442 452
443 98
443 444
444 445
444 447
445 446
446 447
447 448
447 584
448 449
449 584
450 451
450 438
451 441
451 452
452 453
452 438
453 443
454 455
454 456
455 502
456 421
456 457
457 455
457 419
458 459
458 460
459 461
459 462
460 101
460 485
461 301
462 461
462 463
463 122
463 464
464 461
464 465
465 466
466 467
466 468
467 301
468 469
468 470
469 302
469 303
470 122
470 471
471 472
471 473
472 301
473 122
473 474
474 475
474 476
475 477
475 478
476 479
476 480
477 694
477 695
477 696
477 478
477 697
477 698
477 699
477 700
477 701
477 702
477 703
477 704
477 705
478 301
479 475
480 481
480 482
481 483
481 1093
482 479
482 484
483 1093
484 475
485 466
485 486
486 101
486 487
487 488
487 489
488 467
488 468
489 301
490 206
491 113
491 492
492 373
492 493
493 113
493 494
494 359
494 516
495 113
495 496
496 359
496 507
497 113
497 498
498 373
498 499
499 113
499 500
500 359
500 501
501 19
501 502
502 503
502 504
503 377
504 13
504 505
505 113
505 506
506 373
506 503
507 113
507 508
508 359
508 509
509 113
509 510
510 359
510 511
511 113
511 512
512 359
512 513
513 113
513 514
514 359
514 515
515 7
515 377
517 518
517 519
518 706
518 707
518 708
518 709
518 710
518 711
518 712
518 713
518 714
518 715
519 113
519 520
520 192
520 521
521 526
521 529
522 531
522 530
522 533
523 524
523 573
524 525
525 573
526 527
526 528
527 535
527 534
528 223
530 540
530 538
530 541
530 539
531 101
531 532
533 211
533 212
534 378
535 536
535 537
537 223
538 246
538 247
539 269
539 259
540 171
541 542
541 544
542 543
543 544
543 569
544 545
545 546
545 547
546 548
546 549
547 68
547 559
548 550
548 549
549 551
549 552
550 22
550 899
551 553
551 625
552 208
552 555
553 554
554 625
555 208
555 556
556 557
556 558
557 661
557 644
558 223
559 560
559 561
560 562
560 561
561 263
561 571
562 272
562 563
563 564
564 565
564 566
565 22
565 894
566 567
566 568
567 57
567 570
568 542
568 569
569 546
569 547
570 542
570 569
571 564
571 572
572 565
572 566
573 574
573 575
574 576
574 577
575 578
575 579
576 602
576 615
577 580
577 575
578 581
579 101
579 583
580 101
580 582
581 602
581 615
582 576
582 575
583 581
584 6
584 585
585 80
585 586
586 20
586 587
587 588
588 203
588 589
589 590
589 591
590 592
590 593
591 594
591 595
592 113
592 600
593 596
593 618
594 588
595 597
595 598
596 599
597 588
598 10
599 618
600 382
600 601
601 10
602 603
602 604
603 76
603 615
604 605
604 606
605 101
605 614
606 113
606 607
607 608
607 609
608 101
608 610
609 47
609 873
610 382
610 611
611 612
611 603
612 613
613 616
613 603
614 603
614 606
615 616
615 617
617 612
617 616
618 619
618 620
619 621
619 629
620 113
620 623
621 622
622 629
623 101
623 624
624 382
624 619
625 552
625 626
626 113
626 627
627 101
627 628
628 382
628 552
629 630
629 631
630 632
630 633
631 113
631 663
632 634
632 680
633 635
633 636
634 637
635 638
635 639
636 54
636 646
637 680
638 640
638 641
639 9
639 644
640 642
640 675
641 378
642 643
643 675
644 638
644 645
645 640
645 641
646 647
646 648
647 208
647 650
648 101
648 649
649 382
649 647
650 208
650 651
651 652
651 653
652 654
652 655
653 9
653 661
654 638
654 656
655 657
655 670
656 658
656 665
657 659
658 660
659 670
660 665
661 652
661 662
662 654
662 655
663 101
663 664
664 382
664 630
665 638
665 666
666 113
666 667
667 101
667 668
668 382
668 669
669 638
670 654
670 671
671 113
671 672
672 101
672 673
673 382
673 674
674 638
674 656
675 101
675 676
676 677
676 678
677 679
678 22
678 890
679 22
679 890
680 681
680 682
681 8
681 685
682 8
682 683
683 684
684 635
684 636
685 8
685 683
687 716
687 717
688 718
689 718
690 719
690 720
691 721
691 722
692 716
692 717
693 719
693 720
694 67
694 842
695 723
696 67
696 841
697 66
697 834
698 67
698 840
699 67
699 839
700 67
700 838
701 67
701 837
702 67
702 836
703 66
703 833
704 67
704 835
705 66
705 832
706 113
706 830
707 206
708 113
708 828
709 113
709 826
710 113
710 824
711 113
711 822
712 113
712 820
713 113
713 818
714 113
714 816
715 113
715 813
716 718
717 724
717 725
718 726
719 718
720 727
720 728
721 729
721 730
722 30
722 811
723 469
723 731
724 718
725 718
726 732
726 733
727 718
728 718
729 97
729 810
730 734
731 302
731 303
732 735
733 736
733 737
734 729
734 738
735 736
735 737
736 739
736 740
737 741
737 742
738 743
738 744
739 745
739 740
740 746
740 747
741 748
741 749
742 741
742 750
743 729
743 738
744 729
744 738
745 740
745 1092
746 751
746 752
747 746
747 753
748 934
748 935
748 936
748 937
748 938
748 939
748 940
748 941
748 942
748 943
748 944
748 945
748 946
748 947
748 749
748 948
749 754
749 755
750 741
750 756
751 757
752 757
753 758
754 112
754 804
755 243
755 766
756 759
756 922
757 760
757 761
758 746
758 762
759 763
760 851
760 844
760 843
760 856
760 852
760 854
761 223
762 764
762 765
763 922
764 746
764 762
765 746
765 762
766 767
767 768
767 769
768 770
768 771
769 772
769 773
770 774
770 775
771 770
771 769
772 776
772 777
773 772
773 778
774 779
774 780
775 774
775 779
776 781
776 782
777 783
777 784
778 785
778 786
779 1090
779 1091
780 779
780 1090
781 787
782 788
782 789
783 781
783 782
784 781
784 782
785 790
785 791
786 792
787 795
787 796
788 797
789 797
790 798
790 799
791 798
791 799
792 31
792 843
793 800
793 801
794 792
795 732
795 733
796 732
796 733
797 772
797 773
798 802
798 803
799 802
799 803
800 787
801 787
802 776
803 776
804 805
804 806
805 97
805 809
806 807
806 902
807 808
808 902
809 807
809 902
810 718
811 30
811 812
812 729
812 730
813 192
813 814
814 815
815 526
815 529
816 192
816 817
817 815
818 192
818 819
819 815
820 192
820 821
821 815
822 192
822 823
823 815
824 192
824 825
825 815
826 192
826 827
827 815
828 192
828 829
829 815
830 192
830 831
831 815
832 723
833 723
834 723
835 723
836 723
837 723
838 723
839 723
840 723
841 723
842 723
843 760
843 761
844 845
844 846
845 847
845 848
846 101
846 850
847 58
847 849
848 208
848 847
849 31
849 851
850 863
850 876
850 867
850 882
850 860
850 884
851 101
851 850
852 101
852 853
854 58
854 855
855 31
855 856
856 101
856 857
857 858
857 859
858 886
859 886
860 861
860 862
861 888
861 887
862 223
863 864
863 865
864 866
865 223
867 868
867 869
868 870
868 871
869 223
871 872
872 873
873 101
873 874
874 382
874 875
875 611
876 877
876 878
877 879
877 880
878 223
880 881
882 883
884 885
888 889
889 894
889 899
889 890
890 113
890 891
891 101
891 892
892 382
892 893
893 378
894 113
894 895
895 101
895 896
896 382
896 897
897 898
898 542
898 569
899 113
899 900
900 382
900 901
901 551
901 552
902 903
902 904
903 767
904 905
904 906
905 767
906 907
906 908
907 909
908 910
908 911
909 912
909 1088
910 913
910 926
911 914
911 910
912 915
912 916
913 917
914 918
915 1088
916 912
916 1088
917 926
918 919
918 910
919 920
919 921
920 921
920 933
921 919
921 910
922 923
922 741
923 924
923 925
924 748
924 749
925 792
926 927
926 928
927 929
927 931
928 929
928 931
929 930
930 931
931 806
931 932
932 767
933 792
934 949
935 942
935 950
936 949
937 951
938 952
938 953
939 954
939 1089
940 951
941 951
942 955
942 956
943 957
943 1086
944 951
945 958
945 959
946 949
947 960
947 961
948 770
949 962
949 1087
950 770
951 963
951 964
952 965
952 966
953 967
953 968
954 969
954 970
955 956
955 971
956 770
957 972
957 1086
958 973
958 974
959 975
959 976
960 977
961 935
961 978
962 979
962 1087
963 770
964 980
965 770
966 792
967 981
967 1085
968 982
969 983
969 984
970 792
971 792
972 985
972 1086
973 770
974 986
975 987
975 988
976 792
977 935
977 978
978 770
979 792
980 793
980 794
981 989
981 1085
982 770
983 990
983 991
984 990
984 991
985 787
986 732
986 733
987 992
987 993
988 992
988 993
989 994
989 1085
990 995
990 996
991 995
991 996
992 973
993 992
993 997
994 998
994 1084
995 1089
996 1089
997 999
997 992
998 1004
998 1084
999 1000
999 1001
1000 1002
1000 1003
1001 1002
1001 1003
1002 973
1003 973
1004 1005
1004 1006
1005 1007
1005 1008
1006 792
1007 1009
1007 1010
1008 1009
1008 1010
1009 1011
1009 1012
1010 1011
1010 1012
1011 1013
1011 1014
1012 1013
1012 1014
1013 1015
1014 1015
1015 1085
1016 279
1016 1017
1017 686
1017 1016
1018 201
1019 269
1020 1018
1021 1018
1022 1018
1023 1018
1024 1018
1025 1018
1026 1018
1027 1018
1028 1018
1029 1018
1030 1018
1031 1018
1032 1018
1033 1018
1034 1018
1035 1018
1036 1018
1037 1018
1038 1018
1039 1018
1040 1018
1041 1018
1042 1018
1043 1018
1044 1018
1045 1018
1046 1018
1047 1018
1048 1018
1049 1018
1050 1018
1051 1018
1052 1018
1053 1018
1054 1018
1055 1018
1056 1018
1057 1018
1058 1018
1059 1018
1060 1018
1061 1018
1062 1018
1063 1018
1064 1018
1065 1018
1066 1018
1067 1018
1068 1018
1069 1018
1070 1018
1073 2
1074 3
1075 4
1076 5
1077 78
1078 79
1079 80
1080 85
1081 87
1082 90
1083 323
1084 1015
1085 982
1086 949
1087 951
1088 767
1089 770
1090 980
1091 787
1092 792
1093 475
1094 1166
1094 1167
1095 1168
1096 1169
1096 1170
1097 1171
1097 1172
1098 1173
1098 1174
1099 1175
1099 1176
1100 1177
1100 1178
1101 1151
1101 1589
1102 1103
1102 1471
1103 95
1103 1463
1104 1180
1104 1460
1105 1181
1105 1182
1106 1183
1106 1184
1107 1105
1107 1327
1110 1160
1110 1569
1111 98
1111 1426
1112 1186
1112 1187
1113 1131
1113 1779
1114 1113
1114 1780
1115 114
1115 1423
1116 101
1116 1412
1117 101
1117 1411
1120 1326
1122 1190
1122 1191
1123 101
1123 1410
1124 101
1124 1409
1125 1124
1125 1788
1126 1192
1126 1193
1127 1116
1127 1776
1128 1116
1128 1774
1129 1127
1129 1777
1130 1128
1130 1775
1131 1116
1131 1771
1132 1116
1132 1767
1133 1131
1133 1778
1134 1132
1134 1770
1135 1120
1135 1326
1136 1135
1136 1759
1137 1136
1137 1760
1138 1135
1138 1758
1139 1122
1139 1325
1140 1139
1140 1765
1141 1140
1141 1766
1142 1139
1142 1764
1143 1194
1143 1195
1144 122
1144 1405
1145 129
1145 1395
1146 130
1146 1390
1147 1199
1147 1200
1148 1145
1148 1402
1149 131
1149 1387
1150 1145
1150 1399
1151 1202
1151 1203
1152 1204
1152 1205
1153 1206
1153 1207
1154 1208
1154 1209
1155 1210
1155 1211
1156 1212
1157 1213
1157 1214
1158 1180
1158 1459
1159 1215
1159 1382
1160 144
1160 1379
1161 1217
1161 1218
1162 1094
1162 1322
1164 1219
1164 1220
1166 1322
1167 1221
1167 1166
1168 1223
1169 1321
1170 1169
1170 1224
1172 1171
1172 1225
1173 1096
1173 1321
1175 1097
1176 1175
1176 1226
1177 1180
1177 1456
1178 1180
1178 1451
95 1227
1180 1228
1181 1181
1181 1182
1182 1229
1182 1230
1183 1231
1183 1232
1184 1183
1184 1184
98 1233
1186 1234
1186 1235
1187 1234
1187 1235
114 1236
101 1237
1190 206
1191 1190
1191 1239
1192 1240
1192 1241
1193 208
1193 1377
1194 1243
1194 1244
1195 1245
1195 1246
122 1247
129 1248
130 1249
1199 1250
1200 1251
1200 1252
131 1253
1202 1150
1202 1568
1203 1202
1203 1203
1204 2086
1204 2077
1204 2075
1204 2081
1204 2079
1204 2088
1204 2073
1204 2071
1205 1254
1205 1255
1206 243
1206 1358
1207 190
1208 1258
1208 1357
1209 1258
1209 1356
1210 1154
1210 1565
1211 1259
1211 1260
1212 1261
1212 1262
1213 1156
1213 1562
1214 1156
1214 1562
1215 1263
144 1264
1217 1556
1218 1217
1218 1218
1219 147
1220 147
1221 1222
1223 1162
1223 1102
1223 1163
1224 1222
1225 1222
1226 1705
1226 1791
1227 1463
1228 1499
1228 1488
1228 1459
1228 1451
1228 1654
1228 1981
1228 1484
1228 1446
1228 1693
1228 1742
1228 1482
1228 1731
1228 1716
1228 1509
1228 1650
1228 1739
1228 1729
1228 1575
1228 1698
1228 1448
1228 1490
1228 1643
1228 1460
1228 1689
1228 1486
1228 1736
1228 1978
1228 1725
1228 1719
1228 1733
1228 1504
1228 1492
1228 1497
1228 1456
1228 1495
1228 1727
1228 1480
1228 1435
1228 1723
1228 1721
1229 1327
1229 1494
1229 1503
1230 1266
1230 1267
1231 1331
1231 1330
1232 1268
1232 1231
1233 1472
1233 1426
1234 203
1234 1350
1235 1270
1235 1271
1236 1423
1237 1743
1237 1694
1237 1702
1237 1551
1237 1412
1237 1550
1237 1411
1237 1574
1237 1409
1237 1410
1237 1651
1237 1690
1237 1655
1237 1747
1237 1699
1237 1674
1237 1406
1237 1578
206 1272
1239 1325
1240 1273
1240 1274
1241 208
1241 1376
208 1275
1243 1276
1243 1277
1244 1151
1244 1588
1245 1278
1245 1279
1246 1150
1246 1567
1247 1443
1247 1537
1247 1524
1247 1405
1247 1527
1248 1395
1249 1390
1250 1146
1250 1394
1251 1146
1251 1394
1252 1104
1253 1387
1254 1280
1255 1281
1255 1282
243 1283
190 1284
1258 1285
1259 1286
1260 1259
1260 1260
1261 1287
1262 1288
1262 1289
1263 1382
1264 1379
147 1290
1266 1229
1266 1291
1267 1292
1267 1293
1268 1294
203 1295
1270 1630
1271 223
1274 208
1274 1375
1275 1623
1275 1374
1275 1675
1275 1375
1275 1377
1275 1676
1275 1376
1275 1752
1275 1622
1275 1305
1276 1297
1277 1298
1277 1299
1278 1243
1279 1300
1279 1277
1280 1281
1280 1282
1281 1301
1282 1254
1282 1255
1283 1358
1283 1954
1285 1734
1285 1356
1285 1510
1285 1357
1285 1452
1285 1724
1285 1728
1285 1732
1285 1717
1285 1722
1285 1447
1285 1730
1285 1726
1285 1720
1286 1154
1286 1565
1287 1288
1287 1289
1288 1154
1288 1558
1289 1288
1289 1212
1291 1266
1291 1267
1292 1229
1292 1291
1293 1292
1294 1302
1294 1303
1295 1350
1295 1632
223 1304
1297 1305
1298 1306
1298 1307
1299 251
1299 1339
1300 1309
1300 1310
1301 2086
1301 2077
1301 2075
1301 2081
1301 2079
1301 2088
1301 2073
1301 2071
1302 1331
1302 1330
1303 1311
1303 1312
1305 208
1305 1374
1306 1153
1306 1370
1307 1313
1307 1306
251 1314
1309 1297
1310 1315
1310 1316
1311 1302
1311 1303
1312 1331
1312 1330
1313 268
1313 1336
1314 1339
1315 1153
1315 1366
1316 263
1316 1332
268 1319
263 1320
1319 1336
1319 1346
1320 1626
1320 1332
1322 1323
1322 1324
1324 1705
1324 1789
1325 1116
1325 1761
1326 1116
1326 1755
1327 1328
1327 1329
1328 1106
1328 1331
1329 1106
1329 1330
1330 1159
1330 1386
1331 1159
1331 1385
1332 1315
1332 1333
1333 269
1333 1557
269 1335
1335 1557
1335 1587
1336 1337
1337 1297
1337 1338
1338 208
1338 1305
1339 1298
1339 1340
1340 1341
1340 1342
1341 1342
1341 1343
1342 268
1342 1346
1343 272
1343 1552
272 1345
1345 1599
1345 1552
1346 1337
1346 1347
1347 1348
1347 1349
1348 1315
1348 1316
1349 1337
1350 1235
1350 1351
1351 1352
1351 1353
1352 1705
1352 1354
1353 1354
1353 1355
1354 1156
1354 1561
1355 1235
1356 1357
1357 1180
1357 1446
1358 1359
1359 1360
1359 1361
1360 1362
1360 1363
1361 1360
1361 1361
1362 1364
1362 1365
1363 101
1363 1406
1364 1595
1364 1366
1364 1370
1365 223
1366 1367
1366 1368
1367 1369
1368 1369
1369 269
1369 1557
1370 1371
1370 1372
1371 1373
1372 1373
1373 268
1373 1346
1374 1180
1374 1435
1376 1273
1376 1274
1377 1192
1377 1378
1378 208
1378 1377
1379 524
1379 1542
524 1381
1381 1542
1382 1383
1382 1384
1383 1104
1384 1386
1384 1385
1385 1386
1387 1388
1387 1389
1388 1104
1390 1391
1390 1392
1391 1392
1391 1393
1392 1422
1392 1420
1392 1394
1392 1610
1393 1104
1395 1396
1395 1397
1396 1397
1396 1398
1397 1784
1397 1402
1397 1754
1397 1399
1398 1104
1399 348
1399 1541
348 1401
1401 1541
1402 112
1402 1540
112 1404
1404 1540
1404 1539
1405 1143
1405 1439
1406 396
1406 1511
396 1408
1408 1511
1409 1115
1409 1783
1410 1115
1410 1782
1411 1150
1411 1566
1412 1413
1412 1414
1413 206
1414 1415
1414 1416
1415 1115
1415 1749
1416 1417
1416 1418
1417 1419
1418 1146
1418 1422
1419 1146
1419 1420
1420 1421
1421 112
1421 1539
1422 1421
1423 1424
1423 1425
1424 1222
1425 206
1426 1427
1426 1428
1427 1429
1428 1430
1428 1431
1429 1501
1430 1432
1430 1431
1431 1433
1431 1434
1432 1501
1433 1429
1434 1433
1434 1434
1435 1436
1435 1437
1436 1445
1436 1439
1437 1438
1438 223
1439 1440
1439 1441
1440 1441
1440 1442
1441 1671
1442 122
1442 1443
1443 1441
1443 1444
1444 1143
1444 1445
1445 1671
1446 1258
1446 1447
1447 1180
1447 1448
1448 359
1448 1506
359 1450
1450 1485
1450 1500
1450 1487
1450 1505
1450 1506
1450 1489
1450 1493
1450 1491
1451 1258
1451 1452
1452 1453
1453 378
378 1455
1456 1457
1456 1483
1457 1458
1458 1483
1458 1479
1458 1496
1458 1453
1458 1481
1458 1498
1459 1457
1459 1479
1460 382
1460 1478
382 1462
1462 1740
1462 1672
1462 1478
1462 1579
1462 1744
1462 1748
1462 1644
1462 1700
1462 1646
1462 1695
1462 1737
1462 1657
1462 1618
1463 1464
1463 1465
1464 1471
1465 1466
1465 1467
1466 1468
1466 1464
1467 1466
1467 1467
1468 1469
1468 1470
1469 1471
1470 1469
1470 1470
1471 98
1471 1472
1472 445
1472 1475
445 1474
1474 1475
1475 448
1475 1628
448 1477
1477 1628
1478 206
1479 1180
1479 1480
1480 1457
1480 1481
1481 1180
1481 1482
1482 359
1482 1505
1483 1180
1483 1484
1484 359
1484 1485
1485 1180
1485 1486
1486 359
1486 1487
1487 1180
1487 1488
1488 359
1488 1489
1489 1180
1489 1490
1490 359
1490 1491
1491 1180
1491 1492
1492 359
1492 1493
1493 1105
1493 1494
1494 1180
1494 1495
1495 1457
1495 1496
1496 1180
1496 1497
1497 1457
1497 1498
1498 1180
1498 1499
1499 359
1499 1500
1500 1111
1500 1501
1501 1453
1501 1502
1502 1105
1502 1503
1503 1180
1503 1504
1504 1457
1504 1453
1506 1507
1506 1508
1507 1706
1507 1707
1507 1708
1507 1709
1507 1710
1507 1711
1507 1712
1507 1713
1507 1714
1507 1715
1508 1180
1508 1509
1509 1258
1509 1510
1510 1565
1510 1558
1511 1512
1511 1513
1512 1362
1512 1514
1513 1515
1513 1516
1514 1362
1514 1517
1515 1518
1515 1519
1516 1520
1516 1521
1517 122
1517 1537
1518 1362
1519 1522
1519 1523
1520 1518
1520 1519
1521 1362
1522 1364
1522 1365
1523 122
1523 1524
1524 1525
1524 1526
1525 1362
1526 122
1526 1527
1527 1528
1527 1529
1528 1530
1529 1531
1529 1532
1530 1533
1530 1534
1531 1530
1532 1535
1532 1536
1533 1222
1534 1362
1535 1530
1536 1531
1536 1530
1537 1362
1537 1538
1538 1523
1539 1115
1539 1749
1541 1567
1541 1566
1541 1568
1542 1543
1542 1544
1543 1545
1543 1546
1544 1547
1544 1548
1545 1569
1545 1582
1546 1549
1546 1545
1547 101
1547 1551
1548 1569
1548 1582
1549 101
1549 1550
1550 1545
1551 1545
1552 1553
1552 1554
1553 1161
1553 1556
1554 1555
1555 1151
1555 1586
1556 1151
1556 1586
1557 1151
1557 1585
1558 1559
1558 1560
1559 1562
1559 1561
1560 223
1561 378
1562 1563
1562 1564
1564 223
1567 1245
1568 1589
1568 1588
1568 1586
1568 1585
1569 1570
1569 1571
1570 1160
1570 1582
1571 1572
1571 1573
1572 1180
1572 1575
1573 101
1573 1574
1574 1570
1574 1572
1575 1576
1575 1577
1576 101
1576 1578
1577 1137
1577 1746
1578 382
1578 1579
1579 612
1579 1570
612 1581
1581 1570
1581 1583
1582 1583
1582 1584
1584 612
1584 1583
1585 1297
1585 1338
1586 269
1586 1587
1587 1373
1588 1243
1589 542
1589 1592
542 1591
1591 1592
1591 1611
1592 1593
1592 1594
1593 1114
1593 1738
1594 1153
1594 1595
1595 1596
1595 1597
1596 1598
1596 1597
1597 263
1597 1626
1598 272
1598 1599
1599 1600
1599 1601
1600 1602
1601 1603
1601 1604
1602 1114
1602 1741
1603 1605
1603 1606
1604 542
1604 1611
1605 1607
1606 1608
1606 1609
1607 1146
1607 1610
1608 1146
1608 1610
1609 1104
1610 542
1610 1611
1611 1612
1611 1613
1612 1614
1612 1615
1613 1153
1613 1595
1614 1616
1614 1615
1615 1617
1615 1618
1616 1619
1617 553
1617 1652
1618 208
1618 1622
1619 1114
1619 1738
553 1621
1621 1652
1622 208
1622 1623
1623 1624
1623 1625
1624 1687
1624 1669
1625 223
1626 1602
1626 1627
1627 1601
1628 1164
1628 1629
1629 1112
1629 1630
1630 1631
1631 203
1631 1632
1632 1633
1632 1634
1633 1635
1633 1636
1634 1637
1634 1638
1635 1180
1635 1643
1636 596
1636 1645
1637 1631
1638 1640
1638 1641
596 1642
1640 1631
1641 1100
1642 1645
1643 382
1643 1644
1644 1100
1645 1646
1645 1647
1646 621
1646 1656
1647 1180
1647 1650
621 1649
1649 1656
1650 101
1650 1651
1651 382
1651 1646
1652 1618
1652 1653
1653 1180
1653 1654
1654 101
1654 1655
1655 382
1655 1618
1656 1657
1656 1658
1657 1659
1657 1660
1658 1180
1658 1689
1659 634
1659 1703
1660 1662
1660 1663
634 1664
1662 1665
1662 1666
1663 1144
1663 1671
1664 1703
1665 642
1665 1701
1666 1101
1666 1669
642 1668
1668 1701
1669 1665
1669 1670
1670 378
1671 1672
1671 1673
1672 208
1672 1675
1673 101
1673 1674
1674 382
1674 1672
1675 208
1675 1676
1676 1677
1676 1678
1677 1679
1677 1680
1678 1101
1678 1687
1679 1681
1679 1682
1680 657
1680 1696
1681 1665
1681 1670
1682 658
1682 1691
657 1685
658 1686
1685 1696
1686 1691
1687 1688
1688 1679
1688 1680
1689 101
1689 1690
1690 382
1690 1657
1691 1681
1691 1692
1692 1180
1692 1693
1693 101
1693 1694
1694 382
1694 1695
1695 1681
1696 1679
1696 1697
1697 1180
1697 1698
1698 101
1698 1699
1699 382
1699 1700
1700 1681
1700 1682
1701 101
1701 1702
1702 1114
1702 1735
1703 1704
1704 1662
1704 1663
1706 1180
1706 1733
1707 1180
1707 1731
1708 1180
1708 1729
1709 1180
1709 1727
1710 1180
1710 1725
1711 206
1712 1180
1712 1723
1713 1180
1713 1721
1714 1180
1714 1719
1715 1180
1715 1716
1716 1258
1716 1717
1717 1718
1718 1565
1718 1558
1719 1258
1719 1720
1720 1718
1721 1258
1721 1722
1722 1718
1723 1258
1723 1724
1724 1718
1725 1258
1725 1726
1726 1718
1727 1258
1727 1728
1728 1718
1729 1258
1729 1730
1730 1718
1731 1258
1731 1732
1732 1718
1733 1258
1733 1734
1734 1718
1735 1180
1735 1736
1736 382
1736 1737
1737 378
1738 1180
1738 1739
1739 382
1739 1740
1740 1618
1741 1180
1741 1742
1742 101
1742 1743
1743 382
1743 1744
1744 1745
1745 542
1745 1611
1746 101
1746 1747
1747 382
1747 1748
1748 1579
1749 1750
1749 1751
1750 1752
1750 1753
1751 1767
1751 1755
1751 1761
1751 1774
1751 1771
1751 1776
1752 1145
1752 1754
1753 208
1753 1752
1754 1115
1754 1781
1755 1756
1755 1757
1756 1758
1756 1759
1757 223
1759 1760
1760 1746
1761 1762
1761 1763
1762 1765
1762 1764
1763 223
1765 1766
1767 1768
1767 1769
1768 1770
1769 223
1771 1772
1771 1773
1772 1778
1772 1779
1773 223
1774 1775
1776 1777
1779 1780
1780 1741
1780 1735
1780 1738
1781 1751
1783 1145
1783 1784
1784 1115
1784 1785
1785 1786
1785 1787
1786 1788
1787 1788
1789 1323
1789 1790
1790 1705
1790 1789
1791 1097
1792 1115
1792 1793
1793 1794
1793 1795
1794 1783
1794 1782
1794 1793
1794 1785
1794 1749
1794 1781
1795 1796
1796 223
1797 1222
1798 269
1799 1797
1800 1797
1801 1797
1802 1797
1803 1797
1804 1797
1805 1797
1806 1797
1807 1797
1808 1797
1809 1797
1810 1797
1811 1797
1812 1797
1813 1797
1814 1797
807 1816
1816 1893
1817 1797
1818 1797
1819 1797
1820 1797
1821 1797
1822 1797
1823 1797
1824 1797
759 1826
1826 1955
1827 1797
1828 1797
1829 1797
1830 1797
1831 1797
1832 1797
1833 1797
1834 1797
1835 1797
1836 1797
1837 1797
1838 1797
1839 1797
1840 1797
1841 1797
1842 1797
1843 1797
1844 1797
1845 1797
1846 1797
1847 1797
929 1849
1849 1951
1850 1797
913 1852
1852 1950
1853 1797
1854 1797
1857 1096
1858 1097
1859 1098
1860 1099
1861 1862
1862 1863
1863 1864
1863 1865
1864 1866
1864 1867
1865 1866
1865 1867
1866 1868
1866 1869
1867 1870
1867 1871
1868 1872
1868 1873
1869 1792
1869 1868
1870 1874
1871 1870
1871 1875
1872 1873
1872 1876
1873 1877
1873 1878
1874 1879
1874 1880
1875 1881
1875 1882
1876 1883
1876 1884
1877 1878
1878 1794
1878 1795
1879 1222
1880 1885
1880 1886
1881 1874
1882 759
1882 1955
1883 1887
1883 1888
1884 1887
1884 1888
1885 243
1885 1954
1886 1889
1886 1890
1887 1877
1887 1878
1888 1883
1888 1884
1889 1891
1889 1892
1890 807
1890 1893
1891 807
1891 1893
1892 1891
1892 1892
1893 1894
1893 1895
1894 1896
1894 1897
1895 1898
1895 1899
1896 1900
1896 1897
1897 1901
1897 1902
1898 1903
1899 1904
1899 1905
1900 1906
1900 1907
1901 1908
1901 1909
1902 1910
1902 1911
1903 1896
1903 1897
1904 1912
1904 1913
1905 1914
1905 1915
1906 1916
1906 1917
1907 1906
1907 1918
1908 1919
1908 1920
1909 1921
1909 1922
1910 1923
1910 1924
1911 1792
1912 1925
1912 1926
1913 1903
1914 1915
1914 1927
1915 913
1915 1950
1916 1928
1916 1929
1917 1930
1918 1906
1918 1930
1919 1928
1919 1929
1920 1931
1920 1932
1921 1919
1921 1920
1922 1919
1922 1920
1923 1933
1923 1934
1924 1933
1924 1934
1925 1903
1926 1935
1926 1936
1927 1915
1927 1937
1928 1864
1928 1865
1929 1864
1929 1865
1930 1938
1930 1939
1931 1940
1932 1940
1933 1941
1933 1942
1934 1941
1934 1942
1935 1943
1935 1944
1936 1903
1937 1945
1937 1946
1938 1947
1938 1948
1939 1792
1940 1901
1940 1902
1941 1908
1942 1908
1943 1903
1944 1935
1944 1936
1945 1222
1946 1915
1946 1949
1947 1916
1948 1916
1949 1945
1949 1946
1950 929
1950 1951
1951 1952
1951 1953
1952 807
1952 1893
1953 1903
1954 1903
1955 1956
1955 1957
1956 1958
1956 1959
1957 1879
1957 1880
1958 1874
1959 1792
1960 1961
1960 1962
1961 1963
1961 1964
1962 1862
1963 1862
1964 1862
1965 1966
1965 1967
1966 1968
1966 1969
1967 1180
1967 1978
1968 1970
1968 1971
1969 1972
1969 1973
1970 1972
1970 1973
1971 1974
1971 1975
1972 1862
1973 1972
1973 1973
1974 1976
1974 1977
1975 1976
1975 1977
1976 1969
1977 1974
1977 1975
1978 1979
1978 1980
1979 1180
1979 1981
1980 1180
1980 1981
1981 1982
1981 1966
1982 1968
1982 1969
1983 1984
1983 1985
1984 1986
1984 1987
1985 1862
1986 1863
1987 1862
1988 1862
1989 1990
1990 1991
1990 1992
1991 1992
1991 1993
1992 1994
1992 1995
1993 1792
1994 1900
1995 1938
1995 1939
1996 1992
1997 1998
1997 1999
1998 2000
1998 2001
1999 2002
1999 2003
2000 1900
2001 1864
2001 1865
2002 2004
2002 2005
2003 1792
2004 2006
2004 2007
2005 2006
2005 2007
2006 1900
2007 2008
2007 2009
2008 2010
2008 2011
2009 1906
2009 1907
2010 2012
2010 2013
2011 2012
2011 2013
2012 1900
2013 1900
2014 2015
2014 2016
2015 1900
2015 2017
2016 2018
2016 2019
2017 1792
2018 1900
2018 2020
2019 1900
2020 1900
2020 2021
2021 2022
2021 1900
2022 2023
2022 1900
2023 1222
2024 2025
2024 2026
2025 2027
2025 2028
2026 1792
2027 2029
2027 2030
2028 2029
2028 2030
2029 2031
2029 2032
2030 2031
2030 2032
2031 2033
2031 2034
2032 2033
2032 2034
2033 1900
2034 1900
2035 1992
2036 1990
2037 1992
2038 1990
2038 2039
2039 2040
2039 1916
2040 1990
2041 1991
2041 1992
2042 1994
2042 1995
2043 2044
2043 2045
2044 2046
2044 1900
2045 2046
2045 1900
2046 2047
2046 1900
2047 2048
2047 1900
2048 1900
2048 2049
2049 1792
2050 2051
2050 1900
2051 2052
2051 2053
2052 2054
2052 2055
2053 1792
2054 2056
2054 2057
2055 2056
2055 2057
2056 2058
2056 2059
2057 2058
2057 2059
2058 1900
2059 1900
2060 1792
2061 1862
2062 1862
2063 2064
2063 2065
2064 2066
2065 2066
2066 1364
2066 1365
2067 2068
2067 2069
2068 2066
2069 2066
2070 1152
2070 2071
2071 2066
2072 1152
2072 2073
2073 2066
2074 1152
2074 2075
2075 2066
2076 1152
2076 2077
2077 2066
2078 1152
2078 2079
2079 2066
2080 1152
2080 2081
2081 2066
2082 2083
2082 2084
2083 2066
2084 2066
2085 1152
2085 2086
2086 2066
2087 1152
2087 2088
2088 2066
2089 1364
2089 1365
2090 1162
2091 1163
2092 1164
2093 1169
2094 1171
2095 1176
2096 1219
